1182701434 5
589105289X 5
1304747883 5
1111305218 5
1182702627 5
1615600612 5
1182701647 5
103824174X 5
1182701566 5
5891054167 5
0214714705 5
1182700721 5
5499800219 5
1204040982 5
5891075881 5
1894204050 5
1204020248 5
589106104X 5
1059130386 5
1615527621 5
1182701604 5
5720449779 5
120401387X 5
1466736038 5
0214614700 5
1059598515 5
1934790613 5
1111306079 5
543125894X 5
1182707866 5
5891051141 5
1204036179 5
1059359189 5
3993854543 5
5891044358 5
1049830512 5
1059947692 5
1182701450 5
5891053268 5
1059556936 5
1908510986 5
5891050587 5
1059274930 5
1098409183 5
3993854373 5
1182701906 5
1204019037 5
103984068X 5
1610121155 5
1182701574 5
5720449515 5
1204013179 5
3993854128 4
1384095802 4
5891060345 4
0641554214 4
5891047934 4
120402040X 4
111130114X 4
5891060329 4
1182702295 4
2912010594 4
120401325X 4
1204019010 4
120401308X 4
1395871035 4
6073894996 4
1059375362 4
5720449787 4
1182702589 4
5891045184 4
3283005737 4
5499800650 4
1204019088 4
1610121317 4
5720449701 4
5891056143 4
1182707599 4
1204021015 4
0594033918 4
1111306052 3
5891056305 3
1204013160 3
1111301166 3
1204012970 3
1948701847 3
549980088X 3
3998899561 3
1182710026 3
4298000362 3
1059983346 3
5891059347 3
2498604987 3
5891052075 3
0989890945 3
2309458104 3
134739740X 3
1958103942 3
4870619482 3
5891063220 3
2904809562 3
0110400550 2
1304958612 2
1439618038 2
1938759834 2
1621911888 2
5891076616 2
1610121147 2
0195866479 2
1059641577 2
118270882X 2
1059370514 2
1182701477 2
1182701582 2
5499800383 2
5891056011 2
1621520722 1
5499800286 1
1894736982 1
5891063085 1
1059236222 1
1059824477 1
1059949202 1
1059777851 1
5891053934 1
011040047X 1
5891068141 1
1059766019 1
0214514706 1
5720452486 1
1059844591 1
1059661160 1